  8.5065081e-001  5.2573111e-001  6.1232340e-017
  8.5065081e-001 -5.2573111e-001  6.1232340e-017
  5.2573111e-001  0.0000000e+000  8.5065081e-001
  5.2573111e-001  0.0000000e+000 -8.5065081e-001
  5.2087339e-017  8.5065081e-001  5.2573111e-001
  5.2087339e-017  8.5065081e-001 -5.2573111e-001
  0.0000000e+000  0.0000000e+000  1.0000000e+000
 -3.0901699e-001  5.0000000e-001  8.0901699e-001
  3.0901699e-001  5.0000000e-001  8.0901699e-001
  3.0901699e-001  5.0000000e-001 -8.0901699e-001
 -3.0901699e-001  5.0000000e-001 -8.0901699e-001
  1.2246468e-016  0.0000000e+000 -1.0000000e+000
  1.0000000e+000  0.0000000e+000  6.1232340e-017
  8.0901699e-001 -3.0901699e-001  5.0000000e-001
  8.0901699e-001  3.0901699e-001  5.0000000e-001
  8.0901699e-001  3.0901699e-001 -5.0000000e-001
  8.0901699e-001 -3.0901699e-001 -5.0000000e-001
  6.1232340e-017  1.0000000e+000  6.1232340e-017
  5.0000000e-001  8.0901699e-001 -3.0901699e-001
  5.0000000e-001  8.0901699e-001  3.0901699e-001
  5.0000000e-001 -8.0901699e-001  3.0901699e-001
  5.0000000e-001 -8.0901699e-001 -3.0901699e-001
  2.7326653e-001  0.0000000e+000  9.6193836e-001
  1.6245985e-001  2.6286556e-001  9.5105652e-001
  4.3388856e-001  2.5989191e-001  8.6266848e-001
 -8.4544011e-017  5.2573111e-001  8.5065081e-001
 -1.6062204e-001  7.0204644e-001  6.9378048e-001
  1.6062204e-001  7.0204644e-001  6.9378048e-001
  4.3388856e-001 -2.5989191e-001  8.6266848e-001
  1.6245985e-001 -2.6286556e-001  9.5105652e-001
  4.3388856e-001  2.5989191e-001 -8.6266848e-001
  1.6245985e-001  2.6286556e-001 -9.5105652e-001
  2.7326653e-001  0.0000000e+000 -9.6193836e-001
  1.6062204e-001  7.0204644e-001 -6.9378048e-001
 -1.6062204e-001  7.0204644e-001 -6.9378048e-001
 -8.4544011e-017  5.2573111e-001 -8.5065081e-001
  1.6245985e-001 -2.6286556e-001 -9.5105652e-001
  4.3388856e-001 -2.5989191e-001 -8.6266848e-001
  9.6193836e-001  2.7326653e-001  6.1232340e-017
  9.5105652e-001  1.6245985e-001  2.6286556e-001
  8.6266848e-001  4.3388856e-001  2.5989191e-001
  9.6193836e-001 -2.7326653e-001  6.1232340e-017
  8.6266848e-001 -4.3388856e-001  2.5989191e-001
  9.5105652e-001 -1.6245985e-001  2.6286556e-001
  8.5065081e-001  0.0000000e+000  5.2573111e-001
  6.9378048e-001 -1.6062204e-001  7.0204644e-001
  6.9378048e-001  1.6062204e-001  7.0204644e-001
  8.6266848e-001  4.3388856e-001 -2.5989191e-001
  9.5105652e-001  1.6245985e-001 -2.6286556e-001
  6.9378048e-001  1.6062204e-001 -7.0204644e-001
  6.9378048e-001 -1.6062204e-001 -7.0204644e-001
  8.5065081e-001  0.0000000e+000 -5.2573111e-001
  9.5105652e-001 -1.6245985e-001 -2.6286556e-001
  8.6266848e-001 -4.3388856e-001 -2.5989191e-001
  5.8901737e-017  9.6193836e-001  2.7326653e-001
  2.6286556e-001  9.5105652e-001  1.6245985e-001
  2.5989191e-001  8.6266848e-001  4.3388856e-001
  5.8901737e-017  9.6193836e-001 -2.7326653e-001
  2.5989191e-001  8.6266848e-001 -4.3388856e-001
  2.6286556e-001  9.5105652e-001 -1.6245985e-001
  5.2573111e-001  8.5065081e-001 -1.6081226e-016
  7.0204644e-001  6.9378048e-001 -1.6062204e-001
  7.0204644e-001  6.9378048e-001  1.6062204e-001
 -2.5989191e-001  8.6266848e-001  4.3388856e-001
 -2.6286556e-001  9.5105652e-001  1.6245985e-001
 -2.6286556e-001  9.5105652e-001 -1.6245985e-001
 -2.5989191e-001  8.6266848e-001 -4.3388856e-001
  7.0204644e-001 -6.9378048e-001  1.6062204e-001
  7.0204644e-001 -6.9378048e-001 -1.6062204e-001
  4.2532540e-001  6.8819096e-001  5.8778525e-001
  6.8819096e-001  5.8778525e-001  4.2532540e-001
  5.8778525e-001  4.2532540e-001  6.8819096e-001
  4.2532540e-001  6.8819096e-001 -5.8778525e-001
  5.8778525e-001  4.2532540e-001 -6.8819096e-001
  6.8819096e-001  5.8778525e-001 -4.2532540e-001
  5.8778525e-001 -4.2532540e-001  6.8819096e-001
  6.8819096e-001 -5.8778525e-001  4.2532540e-001
  5.8778525e-001 -4.2532540e-001 -6.8819096e-001
  6.8819096e-001 -5.8778525e-001 -4.2532540e-001
 -4.2532540e-001  6.8819096e-001  5.8778525e-001
 -4.2532540e-001  6.8819096e-001 -5.8778525e-001
  4.0335535e-001  0.0000000e+000  9.1504342e-001
  3.5822879e-001  1.3165537e-001  9.2430460e-001
  4.8444164e-001  1.3120038e-001  8.6492934e-001
  1.3795224e-001  0.0000000e+000  9.9043888e-001
  8.2242465e-002  1.3307110e-001  9.8768834e-001
  2.2011703e-001  1.3279248e-001  9.6639260e-001
  3.0125888e-001  2.6408275e-001  9.1624418e-001
  2.3867693e-001  3.8618739e-001  8.9100652e-001
  3.7503857e-001  3.8361373e-001  8.4391147e-001
 -2.3867693e-001  3.8618739e-001  8.9100652e-001
  1.5643447e-001  5.1925849e-001  8.4017789e-001
  8.1141852e-002  6.2023958e-001  7.8020437e-001
  2.3708633e-001  6.0682515e-001  7.5865230e-001
 -1.5643447e-001  5.1925849e-001  8.4017789e-001
 -2.3708633e-001  6.0682515e-001  7.5865230e-001
 -8.1141852e-002  6.2023958e-001  7.8020437e-001
 -1.1438283e-016  7.1128173e-001  7.0290703e-001
 -8.1086293e-002  7.8384304e-001  6.1564202e-001
  8.1086293e-002  7.8384304e-001  6.1564202e-001
 -4.2841143e-017  2.6640470e-001  9.6386126e-001
 -8.2323580e-002  3.9960705e-001  9.1298249e-001
  8.2323580e-002  3.9960705e-001  9.1298249e-001
  4.8444164e-001 -1.3120038e-001  8.6492934e-001
  3.5822879e-001 -1.3165537e-001  9.2430460e-001
  3.7503857e-001 -3.8361373e-001  8.4391147e-001
  3.0125888e-001 -2.6408275e-001  9.1624418e-001
  2.2011703e-001 -1.3279248e-001  9.6639260e-001
  8.2242465e-002 -1.3307110e-001  9.8768834e-001
  4.8444164e-001  1.3120038e-001 -8.6492934e-001
  3.5822879e-001  1.3165537e-001 -9.2430460e-001
  4.0335535e-001  0.0000000e+000 -9.1504342e-001
  3.7503857e-001  3.8361373e-001 -8.4391147e-001
  2.3867693e-001  3.8618739e-001 -8.9100652e-001
  3.0125888e-001  2.6408275e-001 -9.1624418e-001
  2.2011703e-001  1.3279248e-001 -9.6639260e-001
  8.2242465e-002  1.3307110e-001 -9.8768834e-001
  1.3795224e-001  0.0000000e+000 -9.9043888e-001
  2.3708633e-001  6.0682515e-001 -7.5865230e-001
  8.1141852e-002  6.2023958e-001 -7.8020437e-001
  1.5643447e-001  5.1925849e-001 -8.4017789e-001
  8.1086293e-002  7.8384304e-001 -6.1564202e-001
 -8.1086293e-002  7.8384304e-001 -6.1564202e-001
  4.3553445e-017  7.1128173e-001 -7.0290703e-001
 -8.1141852e-002  6.2023958e-001 -7.8020437e-001
 -2.3708633e-001  6.0682515e-001 -7.5865230e-001
 -1.5643447e-001  5.1925849e-001 -8.4017789e-001
 -2.3867693e-001  3.8618739e-001 -8.9100652e-001
  8.2323580e-002  3.9960705e-001 -9.1298249e-001
 -8.2323580e-002  3.9960705e-001 -9.1298249e-001
  1.6312583e-017  2.6640470e-001 -9.6386126e-001
  3.5822879e-001 -1.3165537e-001 -9.2430460e-001
  4.8444164e-001 -1.3120038e-001 -8.6492934e-001
  8.2242465e-002 -1.3307110e-001 -9.8768834e-001
  2.2011703e-001 -1.3279248e-001 -9.6639260e-001
  3.0125888e-001 -2.6408275e-001 -9.1624418e-001
  3.7503857e-001 -3.8361373e-001 -8.4391147e-001
  9.1504342e-001  4.0335535e-001  6.1232340e-017
  9.2430460e-001  3.5822879e-001  1.3165537e-001
  8.6492934e-001  4.8444164e-001  1.3120038e-001
  9.9043888e-001  1.3795224e-001  6.1232340e-017
  9.8768834e-001  8.2242465e-002  1.3307110e-001
  9.6639260e-001  2.2011703e-001  1.3279248e-001
  9.1624418e-001  3.0125888e-001  2.6408275e-001
  8.9100652e-001  2.3867693e-001  3.8618739e-001
  8.4391147e-001  3.7503857e-001  3.8361373e-001
  9.9043888e-001 -1.3795224e-001  6.1232340e-017
  9.6639260e-001 -2.2011703e-001  1.3279248e-001
  9.8768834e-001 -8.2242465e-002  1.3307110e-001
  9.1504342e-001 -4.0335535e-001  6.1232340e-017
  8.6492934e-001 -4.8444164e-001  1.3120038e-001
  9.2430460e-001 -3.5822879e-001  1.3165537e-001
  9.1624418e-001 -3.0125888e-001  2.6408275e-001
  8.4391147e-001 -3.7503857e-001  3.8361373e-001
  8.9100652e-001 -2.3867693e-001  3.8618739e-001
  8.4017789e-001  1.5643447e-001  5.1925849e-001
  7.8020437e-001  8.1141852e-002  6.2023958e-001
  7.5865230e-001  2.3708633e-001  6.0682515e-001
  8.4017789e-001 -1.5643447e-001  5.1925849e-001
  7.5865230e-001 -2.3708633e-001  6.0682515e-001
  7.8020437e-001 -8.1141852e-002  6.2023958e-001
  7.0290703e-001  0.0000000e+000  7.1128173e-001
  6.1564202e-001 -8.1086293e-002  7.8384304e-001
  6.1564202e-001  8.1086293e-002  7.8384304e-001
  9.6386126e-001  0.0000000e+000  2.6640470e-001
  9.1298249e-001 -8.2323580e-002  3.9960705e-001
  9.1298249e-001  8.2323580e-002  3.9960705e-001
  8.6492934e-001  4.8444164e-001 -1.3120038e-001
  9.2430460e-001  3.5822879e-001 -1.3165537e-001
  8.4391147e-001  3.7503857e-001 -3.8361373e-001
  8.9100652e-001  2.3867693e-001 -3.8618739e-001
  9.1624418e-001  3.0125888e-001 -2.6408275e-001
  9.6639260e-001  2.2011703e-001 -1.3279248e-001
  9.8768834e-001  8.2242465e-002 -1.3307110e-001
  7.5865230e-001  2.3708633e-001 -6.0682515e-001
  7.8020437e-001  8.1141852e-002 -6.2023958e-001
  8.4017789e-001  1.5643447e-001 -5.1925849e-001
  6.1564202e-001  8.1086293e-002 -7.8384304e-001
  6.1564202e-001 -8.1086293e-002 -7.8384304e-001
  7.0290703e-001  0.0000000e+000 -7.1128173e-001
  7.8020437e-001 -8.1141852e-002 -6.2023958e-001
  7.5865230e-001 -2.3708633e-001 -6.0682515e-001
  8.4017789e-001 -1.5643447e-001 -5.1925849e-001
  9.8768834e-001 -8.2242465e-002 -1.3307110e-001
  9.6639260e-001 -2.2011703e-001 -1.3279248e-001
  8.9100652e-001 -2.3867693e-001 -3.8618739e-001
  8.4391147e-001 -3.7503857e-001 -3.8361373e-001
  9.1624418e-001 -3.0125888e-001 -2.6408275e-001
  9.2430460e-001 -3.5822879e-001 -1.3165537e-001
  8.6492934e-001 -4.8444164e-001 -1.3120038e-001
  9.1298249e-001  8.2323580e-002 -3.9960705e-001
  9.1298249e-001 -8.2323580e-002 -3.9960705e-001
  9.6386126e-001  0.0000000e+000 -2.6640470e-001
  5.6030250e-017  9.1504342e-001  4.0335535e-001
  1.3165537e-001  9.2430460e-001  3.5822879e-001
  1.3120038e-001  8.6492934e-001  4.8444164e-001
  6.0646890e-017  9.9043888e-001  1.3795224e-001
  1.3307110e-001  9.8768834e-001  8.2242465e-002
  1.3279248e-001  9.6639260e-001  2.2011703e-001
  2.6408275e-001  9.1624418e-001  3.0125888e-001
  3.8618739e-001  8.9100652e-001  2.3867693e-001
  3.8361373e-001  8.4391147e-001  3.7503857e-001
  6.0646890e-017  9.9043888e-001 -1.3795224e-001
  1.3279248e-001  9.6639260e-001 -2.2011703e-001
  1.3307110e-001  9.8768834e-001 -8.2242465e-002
  5.6030250e-017  9.1504342e-001 -4.0335535e-001
  1.3120038e-001  8.6492934e-001 -4.8444164e-001
  1.3165537e-001  9.2430460e-001 -3.5822879e-001
  2.6408275e-001  9.1624418e-001 -3.0125888e-001
  3.8361373e-001  8.4391147e-001 -3.7503857e-001
  3.8618739e-001  8.9100652e-001 -2.3867693e-001
  5.1925849e-001  8.4017789e-001  1.5643447e-001
  6.2023958e-001  7.8020437e-001  8.1141852e-002
  6.0682515e-001  7.5865230e-001  2.3708633e-001
  5.1925849e-001  8.4017789e-001 -1.5643447e-001
  6.0682515e-001  7.5865230e-001 -2.3708633e-001
  6.2023958e-001  7.8020437e-001 -8.1141852e-002
  7.1128173e-001  7.0290703e-001 -1.6081226e-016
  7.8384304e-001  6.1564202e-001 -8.1086293e-002
  7.8384304e-001  6.1564202e-001  8.1086293e-002
  2.6640470e-001  9.6386126e-001 -1.6081226e-016
  3.9960705e-001  9.1298249e-001 -8.2323580e-002
  3.9960705e-001  9.1298249e-001  8.2323580e-002
 -1.3120038e-001  8.6492934e-001  4.8444164e-001
 -1.3165537e-001  9.2430460e-001  3.5822879e-001
 -3.8361373e-001  8.4391147e-001  3.7503857e-001
 -3.8618739e-001  8.9100652e-001  2.3867693e-001
 -2.6408275e-001  9.1624418e-001  3.0125888e-001
 -1.3279248e-001  9.6639260e-001  2.2011703e-001
 -1.3307110e-001  9.8768834e-001  8.2242465e-002
 -1.3307110e-001  9.8768834e-001 -8.2242465e-002
 -1.3279248e-001  9.6639260e-001 -2.2011703e-001
 -3.8618739e-001  8.9100652e-001 -2.3867693e-001
 -3.8361373e-001  8.4391147e-001 -3.7503857e-001
 -2.6408275e-001  9.1624418e-001 -3.0125888e-001
 -1.3165537e-001  9.2430460e-001 -3.5822879e-001
 -1.3120038e-001  8.6492934e-001 -4.8444164e-001
 -3.9960705e-001  9.1298249e-001  8.2323580e-002
 -3.9960705e-001  9.1298249e-001 -8.2323580e-002
 -2.6640470e-001  9.6386126e-001 -1.6081226e-016
  6.0682515e-001 -7.5865230e-001  2.3708633e-001
  6.2023958e-001 -7.8020437e-001  8.1141852e-002
  5.1925849e-001 -8.4017789e-001  1.5643447e-001
  7.8384304e-001 -6.1564202e-001  8.1086293e-002
  7.8384304e-001 -6.1564202e-001 -8.1086293e-002
  7.1128173e-001 -7.0290703e-001 -1.6081226e-016
  6.2023958e-001 -7.8020437e-001 -8.1141852e-002
  6.0682515e-001 -7.5865230e-001 -2.3708633e-001
  5.1925849e-001 -8.4017789e-001 -1.5643447e-001
  2.1302287e-001  7.9264923e-001  5.7125166e-001
  4.6842985e-001  7.5793542e-001  4.5399050e-001
  3.4615301e-001  7.8345170e-001  5.1612162e-001
  2.9600459e-001  7.0230985e-001  6.4741189e-001
  3.7174803e-001  6.0150096e-001  7.0710678e-001
  7.0230985e-001  6.4741189e-001  2.9600459e-001
  6.0150096e-001  7.0710678e-001  3.7174803e-001
  7.9264923e-001  5.7125166e-001  2.1302287e-001
  7.8345170e-001  5.1612162e-001  3.4615301e-001
  7.5793542e-001  4.5399050e-001  4.6842985e-001
  4.5399050e-001  4.6842985e-001  7.5793542e-001
  5.1612162e-001  3.4615301e-001  7.8345170e-001
  7.0710678e-001  3.7174803e-001  6.0150096e-001
  6.4741189e-001  2.9600459e-001  7.0230985e-001
  5.7125166e-001  2.1302287e-001  7.9264923e-001
  5.6425421e-001  6.4657779e-001  5.1337544e-001
  6.4657779e-001  5.1337544e-001  5.6425421e-001
  5.1337544e-001  5.6425421e-001  6.4657779e-001
  2.1302287e-001  7.9264923e-001 -5.7125166e-001
  3.7174803e-001  6.0150096e-001 -7.0710678e-001
  2.9600459e-001  7.0230985e-001 -6.4741189e-001
  3.4615301e-001  7.8345170e-001 -5.1612162e-001
  4.6842985e-001  7.5793542e-001 -4.5399050e-001
  5.1612162e-001  3.4615301e-001 -7.8345170e-001
  4.5399050e-001  4.6842985e-001 -7.5793542e-001
  5.7125166e-001  2.1302287e-001 -7.9264923e-001
  6.4741189e-001  2.9600459e-001 -7.0230985e-001
  7.0710678e-001  3.7174803e-001 -6.0150096e-001
  6.0150096e-001  7.0710678e-001 -3.7174803e-001
  7.0230985e-001  6.4741189e-001 -2.9600459e-001
  7.5793542e-001  4.5399050e-001 -4.6842985e-001
  7.8345170e-001  5.1612162e-001 -3.4615301e-001
  7.9264923e-001  5.7125166e-001 -2.1302287e-001
  5.1337544e-001  5.6425421e-001 -6.4657779e-001
  6.4657779e-001  5.1337544e-001 -5.6425421e-001
  5.6425421e-001  6.4657779e-001 -5.1337544e-001
  5.7125166e-001 -2.1302287e-001  7.9264923e-001
  7.0710678e-001 -3.7174803e-001  6.0150096e-001
  6.4741189e-001 -2.9600459e-001  7.0230985e-001
  5.1612162e-001 -3.4615301e-001  7.8345170e-001
  4.5399050e-001 -4.6842985e-001  7.5793542e-001
  7.8345170e-001 -5.1612162e-001  3.4615301e-001
  7.5793542e-001 -4.5399050e-001  4.6842985e-001
  7.9264923e-001 -5.7125166e-001  2.1302287e-001
  7.0230985e-001 -6.4741189e-001  2.9600459e-001
  6.0150096e-001 -7.0710678e-001  3.7174803e-001
  4.6842985e-001 -7.5793542e-001  4.5399050e-001
  6.4657779e-001 -5.1337544e-001  5.6425421e-001
  5.6425421e-001 -6.4657779e-001  5.1337544e-001
  5.1337544e-001 -5.6425421e-001  6.4657779e-001
  5.7125166e-001 -2.1302287e-001 -7.9264923e-001
  4.5399050e-001 -4.6842985e-001 -7.5793542e-001
  5.1612162e-001 -3.4615301e-001 -7.8345170e-001
  6.4741189e-001 -2.9600459e-001 -7.0230985e-001
  7.0710678e-001 -3.7174803e-001 -6.0150096e-001
  4.6842985e-001 -7.5793542e-001 -4.5399050e-001
  7.5793542e-001 -4.5399050e-001 -4.6842985e-001
  7.8345170e-001 -5.1612162e-001 -3.4615301e-001
  6.0150096e-001 -7.0710678e-001 -3.7174803e-001
  7.0230985e-001 -6.4741189e-001 -2.9600459e-001
  7.9264923e-001 -5.7125166e-001 -2.1302287e-001
  5.1337544e-001 -5.6425421e-001 -6.4657779e-001
  5.6425421e-001 -6.4657779e-001 -5.1337544e-001
  6.4657779e-001 -5.1337544e-001 -5.6425421e-001
 -3.7174803e-001  6.0150096e-001  7.0710678e-001
 -2.9600459e-001  7.0230985e-001  6.4741189e-001
 -3.4615301e-001  7.8345170e-001  5.1612162e-001
 -2.1302287e-001  7.9264923e-001  5.7125166e-001
 -2.9600459e-001  7.0230985e-001 -6.4741189e-001
 -3.7174803e-001  6.0150096e-001 -7.0710678e-001
 -2.1302287e-001  7.9264923e-001 -5.7125166e-001
 -3.4615301e-001  7.8345170e-001 -5.1612162e-001
